NOAA 15                 
1 25338U 98030A   16109.92113124  .00000084  00000-0  54285-4 0  9991
2 25338  98.7834 113.9515 0010623   4.7785 355.3494 14.25718128932545
NOAA 18                 
1 28654U 05018A   16109.90593150  .00000035  00000-0  44378-4 0  9996
2 28654  99.1981 115.2944 0014368 177.0424 183.0834 14.12279611562360
METOP-A                 
1 29499U 06044A   16109.15183133  .00000033  00000-0  35308-4 0  9998
2 29499  98.7016 168.9891 0000792  27.0320  53.4736 14.21485694492759
NOAA 19                 
1 33591U 09005A   16109.85106605  .00000112  00000-0  86093-4 0  9997
2 33591  99.0342  66.1569 0014598  29.9139 330.2863 14.12063152370766
METOP-B                 
1 38771U 12049A   16109.89718008  .00000032  00000-0  34491-4 0  9990
2 38771  98.6949 169.7954 0001481  56.6604  49.3138 14.21490238185999
SARAL                   
1 39086U 13009A   16109.14978009  .00000023  00000-0  24626-4 0  9993
2 39086  98.5420 297.3628 0001645 114.8403 245.2952 14.32257202164277
