EYESAT-1 (AO-27)        
1 22825U 93061C   16109.11896983  .00000038  00000-0  32122-4 0  9995
2 22825  98.7533  65.0149 0009246 128.5359 231.6653 14.29949890176651
CUTE-1 (CO-55)          
1 27844U 03031E   16108.93827582  .00000135  00000-0  81032-4 0  9999
2 27844  98.6940 118.0870 0010632 132.6598 227.5477 14.21937169663848
CUBESAT XI-IV (CO-57)   
1 27848U 03031J   16109.73978463  .00000111  00000-0  70519-4 0  9999
2 27848  98.7036 118.9401 0010453 138.0317 222.1663 14.21565358663898
CUBESAT XI-V (CO-58)    
1 28895U 05043F   16109.46396986  .00000407  00000-0  87519-4 0  9997
2 28895  97.8292 286.4171 0018001  51.1844 309.0963 14.63162467558371
CUTE-1.7+APD II (CO-65) 
1 32785U 08021C   16109.83980604  .00000717  00000-0  84683-4 0  9999
2 32785  97.6090 146.5075 0014538 129.4372 230.8134 14.87501392431802
COMPASS-1               
1 32787U 08021E   16108.89726349  .00001318  00000-0  13557-3 0  9999
2 32787  97.6097 151.6832 0014386 114.3523 245.9200 14.91882359432027
AAUSAT-II               
1 32788U 08021F   16109.53422999  .00001855  00000-0  18309-3 0  9992
2 32788  97.6100 154.3596 0013832 108.1455 252.1273 14.93074504432296
DELFI-C3 (DO-64)        
1 32789U 08021G   16109.81409005  .00003445  00000-0  26062-3 0  9999
2 32789  97.6124 170.0794 0015885 102.2726 258.0279 15.02884565433080
CANX-2                  
1 32790U 08021H   16109.14177794  .00000679  00000-0  80961-4 0  9999
2 32790  97.6050 144.5480 0015152 132.8727 227.3765 14.87270741431652
SEEDS II (CO-66)        
1 32791U 08021J   16109.87981250  .00001048  00000-0  11488-3 0  9998
2 32791  97.6098 149.5066 0015101 120.2401 240.0315 14.89672116431965
SWISSCUBE               
1 35932U 09051B   16108.85943639  .00000441  00000-0  11154-3 0  9994
2 35932  98.4388 235.2540 0008931 116.5432 243.6681 14.55781275348435
BEESAT                  
1 35933U 09051C   16109.15919873  .00000367  00000-0  94343-4 0  9991
2 35933  98.4413 236.6207 0006991 126.0788 234.1057 14.55927901348579
ITUPSAT 1               
1 35935U 09051E   16109.32732109  .00000325  00000-0  86049-4 0  9995
2 35935  98.4522 237.0386 0009380 119.5194 240.6939 14.55140908348449
TISAT 1                 
1 36799U 10035E   16109.81195338  .00001280  00000-0  13977-3 0  9999
2 36799  98.0242 219.1996 0011207 281.3903  78.6054 14.89693508312587
M-CUBED & EXP-1 PRIME   
1 37855U 11061F   16108.99263417  .00002555  00000-0  14699-3 0  9993
2 37855 101.7195 119.3310 0187797 255.2310 102.8025 15.00729145242964
HORYU 2                 
1 38340U 12025D   16109.47529511  .00000696  00000-0  11155-3 0  9996
2 38340  98.3515  93.1290 0011200 196.1044 163.9810 14.74964533210674
STRAND-1                
1 39090U 13009E   16109.78608905  .00000093  00000-0  48205-4 0  9999
2 39090  98.5889 312.3516 0010263 114.9455 245.2798 14.34888533164614
BRITE-AUSTRIA           
1 39091U 13009F   16109.54223348  .00000072  00000-0  40864-4 0  9998
2 39091  98.5843 311.6509 0011479 123.4049 236.8236 14.34967891164598
UNIBRITE                
1 39092U 13009G   16109.78312981  .00000094  00000-0  48699-4 0  9995
2 39092  98.5846 311.6388 0010439 116.0451 244.1810 14.34840395164619
AIST-2                  
1 39133U 13015D   16109.77974383  .00000856  00000-0  74345-4 0  9990
2 39133  64.8762 186.3334 0003545 244.1917 227.4822 15.03820684164473
SOMP                    
1 39134U 13015E   16108.87862062  .00003718  00000-0  20481-3 0  9992
2 39134  64.8712 156.9493 0009354 252.7090 107.3012 15.15578053164592
BEESAT-2                
1 39136U 13015G   16109.52189641  .00002678  00000-0  15999-3 0  9994
2 39136  64.8715 160.2303 0008254 252.6182 107.4040 15.13327463164973
NEE-01 PEGASUS          
1 39151U 13018B   16109.66936973  .00000531  00000-0  78161-4 0  9994
2 39151  97.9968 197.5710 0016780 348.1358  11.9455 14.79410533160776
CUBEBUG-1 (CAPITAN BETO)
1 39153U 13018D   16109.71771452  .00000368  00000-0  55908-4 0  9993
2 39153  97.9977 198.0286 0016619 346.9635  13.1145 14.79827309160804
ESTCUBE 1               
1 39161U 13021C   16109.82822231  .00000539  00000-0  94584-4 0  9993
2 39161  98.0492 194.8195 0010914  62.9885 297.2431 14.71620276158338
POPACS 1                
1 39268U 13055D   16108.95239260  .00014846  00000-0  44095-3 0  9992
2 39268  81.0035  90.1650 0674267  22.0754 340.8044 14.25518106130011
POPACS 2                
1 39269U 13055E   16108.65550610  .00009685  00000-0  29042-3 0  9995
2 39269  81.0139  97.9534 0716926  43.1597 322.3530 14.16278040129766
POPACS 3                
1 39270U 13055F   16108.69087139  .00004401  00000-0  14062-3 0  9999
2 39270  81.0150 101.8083 0735988  56.0087 310.8797 14.10721773130726
PHONESAT 2.4            
1 39381U 13064B   16109.18419185  .00042993  00000-0  50195-3 0  9992
2 39381  40.4945  40.2820 0006536 276.0939  83.9139 15.60763806135480
FIREFLY                 
1 39404U 13064AA  16108.29799009  .00028478  00000-0  44066-3 0  9997
2 39404  40.5077  62.5811 0006542 271.8509  88.1562 15.53362693134604
ZACUBE-1 (TSHEPISOSAT)  
1 39417U 13066B   16109.79725217  .00000652  00000-0  89850-4 0  9994
2 39417  97.6862 165.1893 0058952 215.5024 144.2259 14.80327387129984
WNISAT-1                
1 39423U 13066H   16109.72210006  .00000314  00000-0  72573-4 0  9998
2 39423  97.6745 127.7763 0175406 325.9989  33.0057 14.52672483127608
TRITON-1                
1 39427U 13066M   16109.82327238  .00000472  00000-0  84694-4 0  9991
2 39427  97.6734 146.8957 0113352 267.1684  91.6544 14.67137343128810
GOMX 1                  
1 39430U 13066Q   16109.77718365  .00000567  00000-0  11344-3 0  9990
2 39430  97.6739 135.2264 0151284 303.4217  55.2591 14.58546236128064
BRITE-PL                
1 39431U 13066R   16109.81977417  .00000272  00000-0  68661-4 0  9999
2 39431  97.6796 120.1951 0202708 350.2909   9.4392 14.46701478127090
HUMSAT-D                
1 39433U 13066T   16109.47136842  .00001660  00000-0  17339-3 0  9999
2 39433  97.7022 177.9379 0031723 184.6692 175.4235 14.90679695130722
EAGLE 2                 
1 39436U 13066W   16109.83563076  .00018920  00000-0  87772-3 0  9990
2 39436  97.7173 195.1414 0018258 133.1875 227.0889 15.19947582131853
CUBEBUG-2 (LO-74)       
1 39440U 13066AA  16109.79783544  .00000560  00000-0  86287-4 0  9996
2 39440  97.6802 157.9035 0080050 235.3267 124.0381 14.75095269129521
NEE-02 KRYSAOR          
1 39441U 13066AB  16108.69561468  .00000392  00000-0  63605-4 0  9996
2 39441  97.6785 156.1762 0081201 240.8943 118.4119 14.74353821129280
FUNCUBE-1 (AO-73)       
1 39444U 13066AE  16109.57119796  .00000814  00000-0  10886-3 0  9991
2 39444  97.6873 165.5137 0058258 214.4483 145.2948 14.80980442128754
UWE-3                   
1 39446U 13066AG  16109.41073033  .00000638  00000-0  92876-4 0  9993
2 39446  97.6826 161.0084 0069870 226.8268 132.7091 14.77615711128464
BRITE-TORONTO           
1 40020U 14033L   16109.65776688  .00000189  00000-0  41346-4 0  9997
2 40020  97.8963 351.9751 0086601 235.9113 123.3851 14.66238820 97870
DUCHIFAT-1              
1 40021U 14033M   16109.68668209  .00001362  00000-0  15003-3 0  9994
2 40021  97.9356  16.0882 0011763 258.0778 101.9120 14.89189996 99408
FLOCK 1C-10             
1 40023U 14033P   16109.82550080  .00000506  00000-0  61382-4 0  9990
2 40023  97.9382  15.8980 0012160 261.7872  98.1968 14.87891039 99383
NANOSATC-BR1            
1 40024U 14033Q   16109.24092353  .00001167  00000-0  13125-3 0  9996
2 40024  97.9332  15.1144 0011008 259.3053 100.6925 14.88614214 99312
QB50P1                  
1 40025U 14033R   16109.68032209  .00000892  00000-0  10343-3 0  9992
2 40025  97.9328  15.1454 0011213 259.2117 100.7837 14.87934705 99356
FLOCK 1C-7              
1 40026U 14033S   16109.70668713  .00002060  00000-0  22779-3 0  9996
2 40026  97.9414  15.9810 0010253 261.9612  98.0476 14.88467839 99381
FLOCK 1C-1              
1 40027U 14033T   16109.75675437  .00000498  00000-0  60287-4 0  9993
2 40027  97.9392  15.9153 0011834 259.4061 100.5823 14.88043868 99380
POPSAT-HIP-1            
1 40028U 14033U   16109.87862541  .00000869  00000-0  10118-3 0  9990
2 40028  97.9353  15.4973 0012686 256.4865 103.4930 14.87814548 99378
FLOCK 1C-2              
1 40029U 14033V   16109.71160988  .00000876  00000-0  10149-3 0  9992
2 40029  97.9394  15.7834 0013136 254.4701 105.5075 14.87991045 99361
FLOCK 1C-4              
1 40031U 14033X   16109.77467779  .00000629  00000-0  74711-4 0  9991
2 40031  97.9395  15.8713 0013352 253.8348 106.1408 14.87965366 99366
QB50P2                  
1 40032U 14033Y   16109.80500362  .00000863  00000-0  10137-3 0  9993
2 40032  97.9315  14.7817 0010629 251.6735 108.3325 14.87499409 99342
FLOCK 1C-11             
1 40033U 14033Z   16109.83233204  .00001840  00000-0  20076-3 0  9994
2 40033  97.9395  16.3289 0011245 249.9447 110.0557 14.89135551 99419
ANTELSAT                
1 40034U 14033AA  16109.73828956  .00000620  00000-0  10116-3 0  9997
2 40034  97.9113 359.5574 0058363 215.8577 143.8719 14.73326364 98426
FLOCK 1C-9              
1 40035U 14033AB  16109.71401706  .00000705  00000-0  82799-4 0  9997
2 40035  97.9425  15.9726 0010620 249.4561 110.5546 14.88044749 99368
FLOCK 1C-6              
1 40036U 14033AC  16109.83292654  .00000420  00000-0  51698-4 0  9999
2 40036  97.9404  16.1839 0011318 248.2882 111.7151 14.88172860 99396
PERSEUS-M2              
1 40037U 14033AD  16109.74352434  .00000390  00000-0  50982-4 0  9994
2 40037  97.9352  14.1746 0013193 254.3764 105.5998 14.86002319 99270
FLOCK 1C-5              
1 40038U 14033AE  16109.70918521  .00001789  00000-0  19992-3 0  9994
2 40038  97.9418  15.9429 0013420 249.1419 110.8358 14.88185197 99360
PERSEUS-M1              
1 40039U 14033AF  16109.77122216  .00000319  00000-0  43137-4 0  9997
2 40039  97.9370  13.9556 0012900 250.0877 109.8963 14.85630252 99261
FLOCK 1C-8              
1 40040U 14033AG  16109.69294251  .00001973  00000-0  21113-3 0  9995
2 40040  97.9413  16.6771 0012249 237.5728 122.4341 14.89841378 99405
FLOCK 1C-3              
1 40041U 14033AH  16109.71447569  .00000627  00000-0  74687-4 0  9991
2 40041  97.9427  15.8795 0011730 245.0978 114.9031 14.87849409 99350
POLYITAN-1              
1 40042U 14033AJ  16109.80631539  .00001051  00000-0  12210-3 0  9999
2 40042  97.9402  15.1374 0013599 244.7659 115.2147 14.87478534 99323
TIGRISAT                
1 40043U 14033AK  16109.65674513  .00000409  00000-0  68728-4 0  9994
2 40043  97.9098 359.9959 0059504 218.1175 141.5818 14.73710321 98309
LEMUR-1                 
1 40044U 14033AL  16109.72266844  .00000421  00000-0  70944-4 0  9994
2 40044  97.9098 359.9270 0058661 218.6279 141.0726 14.73529101 98306
AEROCUBE 6A             
1 40045U 14033AM  16109.48422340  .00000842  00000-0  13178-3 0  9995
2 40045  97.9161   0.0535 0057674 215.3812 144.3565 14.74281046 98138
AEROCUBE 6B             
1 40046U 14033AN  16109.62021147  .00000844  00000-0  13208-3 0  9998
2 40046  97.9155   0.1491 0056937 214.6441 145.1054 14.74278698 98293
UKUBE-1                 
1 40074U 14037F   16109.70266168  .00001006  00000-0  13093-3 0  9999
2 40074  98.3338 200.2061 0004458 358.2357   1.8848 14.82991864 96259
BRITE-PL 2              
1 40119U 14049B   16109.70333969  .00000423  00000-0  57427-4 0  9998
2 40119  97.9613 191.2160 0018433  37.7712 322.4792 14.83887863 90204
FIREBIRD 4              
1 40378U 15003C   16109.84516124  .00003569  00000-0  16603-3 0  9991
2 40378  99.0825 205.4686 0145055 325.9642  33.2343 15.11973597 66816
GRIFEX                  
1 40379U 15003D   16109.84713803  .00002841  00000-0  13821-3 0  9996
2 40379  99.0834 204.8026 0148756 329.0664  30.1859 15.10345291 66774
EXOCUBE                 
1 40380U 15003E   16109.79988029  .00003108  00000-0  15432-3 0  9993
2 40380  99.0865 204.3225 0151491 330.2558  29.0116 15.09232194 66736
DEORBITSAIL             
1 40719U 15032E   16109.68027421  .00001177  00000-0  18029-3 0  9998
2 40719  98.0242   1.8159 0018186  69.2383 291.0772 14.75434754 41712
FLOCK 1E-1              
1 40723U 98067GF  16109.69435731  .00207919  27291-4  61715-3 0  9997
2 40723  51.6276 328.2357 0004303 195.9711 273.9062 15.92085327 43837
FLOCK 1E-4              
1 40724U 98067GG  16109.78878978  .00125650  00000-0  51345-3 0  9996
2 40724  51.6339 329.7194 0004131 206.7224 249.6071 15.85206214 43823
FLOCK 1E-3              
1 40725U 98067GH  16109.72222443  .00135752  00000-0  44298-3 0  9994
2 40725  51.6296 325.3986 0004518 185.2691 290.7831 15.89734686 43841
FLOCK 1E-7              
1 40726U 98067GJ  16108.87426666  .00127255  00000-0  64705-3 0  9997
2 40726  51.6289 336.4364 0003181 213.8153 234.8624 15.80550309 43504
FLOCK 1E-8              
1 40727U 98067GK  16109.70158404  .00124492  00000-0  50479-3 0  9996
2 40727  51.6374 329.1173 0005531 210.7288 260.3532 15.85361825 43660
FLOCK 1E-5              
1 40728U 98067GL  16109.61559873  .00134361  00000-0  64239-3 0  9997
2 40728  51.6426 331.7118 0008266 196.2419 192.5793 15.81820629 43639
FLOCK 1E-6              
1 40729U 98067GM  16109.72170316  .00104502  00000-0  47645-3 0  9997
2 40729  51.6361 329.9892 0006583 193.6855 278.2729 15.82960261 43674
FLOCK 1E-10             
1 40737U 98067GP  16109.70290810  .00085198  00000-0  44527-3 0  9991
2 40737  51.6343 332.1487 0003616 181.4774 288.4847 15.80113611 43624
FLOCK 1E-11             
1 40738U 98067GQ  16109.74324377  .00080978  00000-0  38659-3 0  9992
2 40738  51.6294 328.5890 0005326 186.2827 291.7348 15.82087020 43493
FLOCK 1E-12             
1 40739U 98067GR  16109.70450341  .00097304  00000-0  49710-3 0  9991
2 40739  51.6348 332.1555 0005022 187.5944 283.1410 15.80549940 43453
FLOCK 1E-13             
1 40740U 98067GS  16109.02676368  .00124254  00000-0  62879-3 0  9993
2 40740  51.6317 335.0738 0003598 242.4180 259.6964 15.80663202 43332
FLOCK 1E-14             
1 40741U 98067GT  16109.73572815  .00086964  00000-0  42935-3 0  9990
2 40741  51.6382 330.8694 0004793 202.4699 273.4944 15.81338536 43442
S-CUBE                  
1 40898U 98067GY  16109.51661481  .00044756  00000-0  36161-3 0  9994
2 40898  51.6367 343.9992 0003306  13.2565 346.8519 15.70370538 33339
LEMUR-2 JOEL            
1 40932U 15052C   16108.96628235  .00001931  00000-0  17765-3 0  9991
2 40932   6.0056  23.4948 0014527 352.8391   7.1014 14.77071658 30021
LEMUR-2 CHRIS           
1 40933U 15052D   16109.07879842  .00001851  00000-0  16577-3 0  9998
2 40933   6.0067  22.2455 0014938 354.1985   5.7887 14.77243949 30042
LEMUR-2 JEROEN          
1 40934U 15052E   16109.52408687  .00001535  00000-0  12580-3 0  9993
2 40934   6.0076  20.8997 0011375 350.1694   9.8471 14.76466562 30066
LEMUR-2 PETER           
1 40935U 15052F   16107.99582617  .00002234  00000-0  22497-3 0  9994
2 40935   6.0050  32.1706 0011296 327.6342  32.3199 14.76260635 29849
EXACTVIEW 9             
1 40936U 15052G   16109.30144833  .00001246  00000-0  86579-4 0  9990
2 40936   6.0016  23.2422 0011334 343.5333  16.4350 14.76013848 30046
GOMX 3                  
1 40949U 98067HA  16109.71535351  .00074817  00000-0  53318-3 0  9993
2 40949  51.6374 340.8334 0003297  17.4380 342.6731 15.73137270 30682
FLOCK 2B-1              
1 40950U 98067HB  16109.85543336  .00049693  00000-0  34601-3 0  9990
2 40950  51.6382 340.2794 0002642  93.7545 266.3757 15.73849435 30627
FLOCK 2B-2              
1 40951U 98067HC  16109.66064328  .00055797  00000-0  38942-3 0  9993
2 40951  51.6367 341.2166 0002187  72.5782 287.5456 15.73747245 30590
FLOCK 2B-3              
1 40952U 98067HD  16109.72878674  .00058085  00000-0  42326-3 0  9992
2 40952  51.6373 341.6800 0001217  95.1815 264.9323 15.72721405 30577
FLOCK 2B-4              
1 40953U 98067HE  16109.68750996  .00047195  00000-0  35344-3 0  9996
2 40953  51.6375 342.1581 0001286  82.0816 278.0328 15.72163168 30560
FLOCK 2B-5              
1 40954U 98067HF  16109.73095953  .00054352  00000-0  37899-3 0  9998
2 40954  51.6362 340.9474 0002887   5.2022 354.9006 15.73777737 30570
FLOCK 2B-6              
1 40955U 98067HG  16109.71354396  .00174533  00000-0  10806-2 0  9998
2 40955  51.6347 341.5419 0001453  21.0068 339.0991 15.76006997 30566
FLOCK 2B-7              
1 40956U 98067HH  16109.74220307  .00059799  00000-0  40123-3 0  9998
2 40956  51.6362 340.2536 0002857  50.9982 309.1271 15.74631981 30536
FLOCK 2B-8              
1 40957U 98067HJ  16109.70979727  .00151401  00000-0  59404-3 0  9997
2 40957  51.6356 336.2423 0004803 256.1467 103.9003 15.85961975 30580
FLOCK 2B-10             
1 40962U 98067HK  16109.84301656  .00078526  00000-0  57080-3 0  9992
2 40962  51.6376 340.9452 0003833  37.5581 322.5684 15.72650724 30455
FLOCK 2B-9              
1 40963U 98067HL  16109.72431244  .00047395  00000-0  35031-3 0  9999
2 40963  51.6374 341.6493 0004014  52.7240 307.4124 15.72464651 30431
FLOCK 2B-13             
1 40979U 98067HM  16109.87178084  .00052964  00000-0  39597-3 0  9991
2 40979  51.6383 341.1509 0004182  30.3691 329.7549 15.72145906 30357
FLOCK 2B-14             
1 40980U 98067HN  16109.64855079  .00061662  00000-0  40039-3 0  9992
2 40980  51.6369 340.3755 0002368  33.1685 326.9463 15.75376108 30341
ATHENOXAT 1             
1 41168U 15077C   16109.05614975  .00004926  00000-0  25686-3 0  9995
2 41168  14.9910  30.8736 0013176 251.4894 217.4506 15.09626477 18656
GALASSIA                
1 41170U 15077E   16109.91162555  .00004763  00000-0  24247-3 0  9996
2 41170  14.9903  23.8839 0014621 274.3933  85.4707 15.10238706 18798
VELOX 2                 
1 41171U 15077F   16108.06073766  .00003374  00000-0  16957-3 0  9993
2 41171  14.9930  39.5784 0009548 225.2857 134.6764 15.08465883 18496
AGGIESAT 4              
1 41313U 98067HP  16109.90599468  .00020255  00000-0  27422-3 0  9993
2 41313  51.6458 352.6400 0004189  11.0270 349.0814 15.57676356 12481
BEVO 2                  
1 41314U 98067HQ  16109.74050113  .00029693  00000-0  37775-3 0  9992
2 41314  51.6412 353.0044 0002308  25.7540 334.3552 15.59102935 12265
HORYU-IV                
1 41340U 16012D   16109.58076502  .00001654  00000-0  12324-3 0  9993
2 41340  31.0074 287.8374 0014671 187.6551 172.3875 14.99909334  9193
