PROBA-1                 
1 26958U 01049B   16109.89610456  .00001272  00000-0  11653-3 0  9991
2 26958  97.5091  87.5131 0072874 311.8391  47.6656 14.94704170788130
BIRD 2                  
1 26959U 01049C   16109.79246889  .00004160  00000-0  13677-3 0  9993
2 26959  97.7604  29.3386 0011965  83.2491 277.0111 15.32087024801297
CUTE-1 (CO-55)          
1 27844U 03031E   16108.93827582  .00000135  00000-0  81032-4 0  9999
2 27844  98.6940 118.0870 0010632 132.6598 227.5477 14.21937169663848
CUBESAT XI-IV (CO-57)   
1 27848U 03031J   16109.73978463  .00000111  00000-0  70519-4 0  9999
2 27848  98.7036 118.9401 0010453 138.0317 222.1663 14.21565358663898
GENESIS 1               
1 29252U 06029A   16109.57443200  .00001893  00000-0  10751-3 0  9997
2 29252  64.5063 231.4017 0035865 233.1387 181.7720 15.15877109537452
FALCONSAT-3             
1 30776U 07006E   16109.50160833  .00006729  00000-0  23501-3 0  9997
2 30776  35.4385 234.4870 0000513 172.4049 187.6683 15.28959611503146
GENESIS 2               
1 31789U 07028A   16109.86436078  .00001677  00000-0  96916-4 0  9990
2 31789  64.5039 266.9219 0052829 274.2379  85.2707 15.15129206484593
APRIZESAT 4             
1 35684U 09041D   16109.76216093  .00000327  00000-0  51106-4 0  9990
2 35684  98.0921  42.6667 0048138  26.2887   4.0284 14.78864349362402
APRIZESAT 3             
1 35686U 09041F   16109.54312570  .00000489  00000-0  59292-4 0  9998
2 35686  98.2412  86.1481 0072587 314.3755  45.1528 14.86835737364089
PROBA-2                 
1 36037U 09059B   16109.11328112  .00000083  00000-0  31097-4 0  9993
2 36037  98.2666 302.9652 0012868 200.0248 160.0444 14.52941308342405
APRIZESAT 5             
1 37792U 11044E   16109.79750173  .00000252  00000-0  44966-4 0  9996
2 37792  98.2776 235.7750 0057776 323.7039  36.0255 14.74945324251290
APRIZESAT 6             
1 37793U 11044F   16109.83290027  .00000245  00000-0  47020-4 0  9995
2 37793  98.2405 225.4413 0046726 343.0642 172.8424 14.72043374250838
TET-1                   
1 38710U 12039D   16108.77885889  .00007574  00000-0  18440-3 0  9993
2 38710  97.4976  45.1728 0001360  26.8913 333.2404 15.41234308208638
STSAT-2C                
1 39068U 13003A   16108.95366251  .00039080 -28643-6  47233-3 0  9998
2 39068  80.2287 286.7612 0466022   0.8543 359.3351 14.87826718168711
PROBA-V                 
1 39159U 13021A   16109.85145296 -.00000002  00000-0  18203-4 0  9992
2 39159  98.6339 188.9680 0004636 150.0323 210.1115 14.22918057153256
CUSAT 1                 
1 39266U 13055B   16109.90439042  .00014756  00000-0  42781-3 0  9996
2 39266  80.9864  89.3782 0684967  25.4426 337.8857 14.23792066131504
STPSAT-3                
1 39380U 13064A   16109.12400457  .00004504  00000-0  14879-3 0  9992
2 39380  40.5007 129.7928 0005326 244.7517 115.2744 15.32102613134517
APRIZESAT 7             
1 39416U 13066A   16109.60313555  .00000315  00000-0  44190-4 0  9995
2 39416  97.6922 170.6172 0040888 204.9543 154.9695 14.83515121130272
APRIZESAT 8             
1 39425U 13066K   16109.13798934  .00000267  00000-0  40552-4 0  9995
2 39425  97.6871 166.3272 0051405 214.5868 145.1998 14.80786129129992
BUGSAT-1 (TITA)         
1 40014U 14033E   16109.89885876  .00000897  00000-0  88569-4 0  9990
2 40014  97.9530  23.1651 0031229 293.3592  66.4360 14.94248674 99835
SAUDISAT 4              
1 40016U 14033G   16109.79837334  .00000155  00000-0  30364-4 0  9994
2 40016  97.9134   2.0476 0047707 212.9653 146.8579 14.74995495 98596
TABLETSAT-AURORA        
1 40017U 14033H   16109.89896424  .00000910  00000-0  94714-4 0  9999
2 40017  97.9482  20.6892 0022769 292.0376  67.8454 14.92241295 99691
APRIZESAT 9             
1 40018U 14033J   16109.60996104  .00000133  00000-0  29909-4 0  9996
2 40018  97.9026 355.9095 0070633 226.2403 133.2944 14.69691567 98111
APRIZESAT 10            
1 40019U 14033K   16109.63141159  .00000109  00000-0  27349-4 0  9991
2 40019  97.8975 352.7083 0083366 234.1628 125.1812 14.66772354 97978
AISAT                   
1 40054U 14034B   16109.72651269  .00001147  00000-0  17241-3 0  9991
2 40054  98.1940 197.1223 0012111 329.9953  30.0561 14.76445620 97074
CANX-4                  
1 40055U 14034C   16109.64075517  .00000320  00000-0  56126-4 0  9997
2 40055  98.1942 196.1299 0013779 342.2067  17.8657 14.74408296 96988
CANX-5                  
1 40056U 14034D   16109.70868026  .00000325  00000-0  56951-4 0  9991
2 40056  98.1942 196.1978 0013808 342.2682  17.8042 14.74409460 96992
TDS 1                   
1 40076U 14037H   16109.68703350  .00000268  00000-0  41810-4 0  9995
2 40076  98.3234 198.3996 0006117  11.3055 348.8296 14.81169667 96186
TIANTUO 2               
1 40144U 14053B   16109.68700720  .00002511  00000-0  83835-4 0  9993
2 40144  97.3530 189.5142 0011965 353.8786 159.1291 15.31933447 89975
