SCD 1                   
1 22490U 93009B   16109.89816051  .00000314  00000-0  36838-4 0  9993
2 22490  24.9707  36.5567 0043130 175.8936 238.6161 14.44432475224193
TECHSAT 1B (GO-32)      
1 25397U 98043D   16108.83644100  .00000010  00000-0  23211-4 0  9996
2 25397  98.5618  55.3619 0002005 124.0643 236.0727 14.23590696923276
SCD 2                   
1 25504U 98060A   16109.57887704  .00000281  00000-0  28658-4 0  9996
2 25504  24.9951 239.0171 0017105 212.6074 238.4927 14.43959022923500
LANDSAT 7               
1 25682U 99020A   16109.67924620  .00000087  00000-0  29415-4 0  9996
2 25682  98.2175 180.8751 0000712  89.1855 270.9428 14.57103797904776
DLR-TUBSAT              
1 25757U 99029B   16109.19766096  .00000124  00000-0  42724-4 0  9996
2 25757  98.4328  14.4585 0014633 155.3322 204.8575 14.51326504894820
QUIKSCAT                
1 25789U 99034A   16109.14236440  .00000013  00000-0  23240-4 0  9996
2 25789  98.6095 298.3996 0001240 133.0382 227.0903 14.27244651876564
TERRA                   
1 25994U 99068A   16109.68988872 -.00001054  00000-0 -22410-3 0  9998
2 25994  98.2129 184.8152 0001249  60.5445 299.5897 14.57082549868850
EO-1                    
1 26619U 00075A   16109.64083555 -.00001432  00000-0 -26322-3 0  9999
2 26619  97.8844 151.8212 0010023  21.1477 339.0111 14.64239930821408
EROS A1                 
1 26631U 00079A   16109.60081155  .00165767  00000-0  97387-3 0  9996
2 26631  97.5392 220.8821 0004394 231.6979 253.6621 15.77772333854103
MAROC-TUBSAT            
1 27004U 01056D   16109.50019814 -.00000023  00000-0  22378-4 0  9992
2 27004  99.2916 256.5350 0019823   3.7983  37.4220 13.70114302717892
AQUA                    
1 27424U 02022A   16109.18196856  .00000287  00000-0  73780-4 0  9992
2 27424  98.2035  50.6704 0001386  57.4162  54.8456 14.57106921742385
IRS-P6 (RESOURCESAT-1)  
1 28051U 03046A   16109.73733079  .00000053  00000-0  43752-4 0  9998
2 28051  98.6615 188.0349 0004846 112.2608 247.9086 14.21656634648976
TANSUO 1 (TS 1)         
1 28220U 04012A   16108.99573311  .00000583  00000-0  53513-4 0  9992
2 28220  97.6411  65.9962 0010623 129.7548 230.4613 14.98537443652739
FORMOSAT-2 (ROCSAT 2)   
1 28254U 04018A   16109.78934395  .00000106  00000-0  10000-3 0  9990
2 28254  98.9433 174.3587 0001902 160.6675 297.2017 14.00751212609182
AURA                    
1 28376U 04026A   16109.50900446  .00000273  00000-0  70711-4 0  9995
2 28376  98.2030  53.1566 0001292  78.1528 281.9815 14.57126308625476
IRS-P5 (CARTOSAT-1)     
1 28649U 05017A   16109.67985370  .00000501  00000-0  67524-4 0  9998
2 28649  97.9016 183.6001 0002537  27.3560 332.7789 14.83437312593048
SINAH 1                 
1 28893U 05043D   16109.51387274  .00000147  00000-0  38601-4 0  9990
2 28893  97.8332 283.1223 0016420  56.1101 304.1660 14.61359232558422
EROS B                  
1 29079U 06014A   16109.83114542  .00005917  00000-0  27539-3 0  9994
2 29079  97.4869 228.9554 0009966  79.6513  72.1756 15.20271401553563
RESURS-DK 1             
1 29228U 06021A   16109.82800872  .00000678  00000-0  59239-4 0  9997
2 29228  69.9353  97.5195 0007775 267.2135  92.8159 15.01867152544382
ARIRANG-2 (KOMPSAT-2)   
1 29268U 06031A   16109.70636443  .00000198  00000-0  48795-4 0  9992
2 29268  98.1372  10.2032 0016847 257.0709 102.8619 14.62135671518965
LAPAN-TUBSAT            
1 29709U 07001A   16109.91374927  .00000192  00000-0  30528-4 0  9998
2 29709  97.6561  95.9215 0014235  45.1500 315.0862 14.81944518501145
CARTOSAT-2 (IRS-P7)     
1 29710U 07001B   16109.89871750  .00000215  00000-0  36411-4 0  9996
2 29710  97.9818 169.8012 0003038  79.6819 280.4684 14.78636535500492
HAIYANG-1B              
1 31113U 07010A   16109.88802573  .00000026  00000-0  27116-4 0  9994
2 31113  98.6168 164.4432 0014175  17.0449 343.1202 14.30123533470827
COSMO-SKYMED 1          
1 31598U 07023A   16109.87123739  .00000150  00000-0  25401-4 0  9997
2 31598  97.8764 294.2186 0001381  84.8854 275.2541 14.82166286479595
TERRASAR-X              
1 31698U 07026A   16109.44847674  .00000845  00000-0  43418-4 0  9994
2 31698  97.4464 117.1604 0001692  94.7178 265.4249 15.19148834490398
WORLDVIEW-1 (WV-1)      
1 32060U 07041A   16109.82785197  .00003172  00000-0  13232-3 0  9994
2 32060  97.8691 224.8931 0001872 164.1111 352.2662 15.24482919477600
YAOGAN 3                
1 32289U 07055A   16109.87499920 -.00000062  00000-0 -12356-5 0  9998
2 32289  97.9840 107.3033 0001095  90.5787 269.5549 14.80678406455942
COSMO-SKYMED 2          
1 32376U 07059A   16109.77000413  .00001382  00000-0  18013-3 0  9991
2 32376  97.8761 294.1181 0001401  81.5622 278.5745 14.82165769452320
RADARSAT-2              
1 32382U 07061A   16109.87878799 -.00000017  00000-0  10320-4 0  9991
2 32382  98.5778 117.6637 0001365  94.4339  24.1477 14.29983033435652
CARTOSAT-2A             
1 32783U 08021A   16109.87612055  .00000568  00000-0  84622-4 0  9990
2 32783  97.9811 169.7916 0011753 248.9891 111.0060 14.78650585430439
JASON 2 (OSTM)          
1 33105U 08032A   16109.51737022 -.00000049  00000-0  51174-4 0  9995
2 33105  66.0407 283.8459 0007619 273.1755 118.0512 12.80931388366207
RAPIDEYE 2              
1 33312U 08040A   16109.80439893  .00000225  00000-0  36684-4 0  9995
2 33312  97.8520 195.0137 0011241 295.8039  64.2017 14.79906975412606
RAPIDEYE 5              
1 33313U 08040B   16109.69283795  .00000246  00000-0  39382-4 0  9992
2 33313  97.8382 192.7497 0016630 159.1257 201.0637 14.79904086412539
RAPIDEYE 1              
1 33314U 08040C   16109.88385349  .00001027  00000-0  14243-3 0  9998
2 33314  97.8477 194.7185 0023132 306.4843  53.4270 14.79903865412608
RAPIDEYE 3              
1 33315U 08040D   16109.71854999  .00001709  00000-0  23311-3 0  9996
2 33315  97.8365 192.4296 0010259 239.0179 121.0071 14.79899440412549
RAPIDEYE 4              
1 33316U 08040E   16109.70455695  .00000192  00000-0  32240-4 0  9993
2 33316  97.8344 191.9753 0010901 177.3926 182.7346 14.79905273412537
HUANJING 1A (HJ-1A)     
1 33320U 08041A   16109.86437585  .00000371  00000-0  60427-4 0  9991
2 33320  97.9881 174.3283 0025378 315.5357  44.3807 14.76560853410160
HUANJING 1B (HJ-1B)     
1 33321U 08041B   16109.89017067  .00000424  00000-0  67691-4 0  9993
2 33321  97.9922 175.2788 0034270 331.2821  28.6491 14.76620661410156
GEOEYE 1                
1 33331U 08042A   16109.65884939  .00000210  00000-0  48838-4 0  9994
2 33331  98.0843 184.6143 0009873 154.3085 205.8632 14.64197046406982
THEOS                   
1 33396U 08049A   16109.65395334  .00000169  00000-0  10000-3 0  9990
2 33396  98.7282 177.7174 0001220 106.8137  46.9796 14.20028527391226
COSMO-SKYMED 3          
1 33412U 08054A   16109.89232741  .00000485  00000-0  67406-4 0  9997
2 33412  97.8768 294.2385 0001556  74.9607 285.1781 14.82171038404806
YAOGAN 4                
1 33446U 08061A   16109.73805323  .00000160  00000-0  29799-4 0  9990
2 33446  97.5938 126.1205 0014987 241.9822 117.9862 14.76289305397397
GOSAT (IBUKI)           
1 33492U 09002A   16109.86170752  .00000185  00000-0  41179-4 0  9995
2 33492  98.0913 219.7991 0001499  91.0338 269.1036 14.67539784387591
YAOGAN 6                
1 34839U 09021A   16109.81447788  .00002150  00000-0  88620-4 0  9999
2 34839  97.2021 171.8267 0030487  28.2117  79.7324 15.24715145387909
DEIMOS-1                
1 35681U 09041A   16109.85345985  .00000153  00000-0  32532-4 0  9999
2 35681  97.9993   4.6165 0000495 173.6994 186.4215 14.71554721360733
DUBAISAT-1              
1 35682U 09041B   16109.86428849  .00000299  00000-0  59628-4 0  9998
2 35682  97.8585 342.5444 0013151  70.0331 290.2286 14.68437672359935
OCEANSAT 2              
1 35931U 09051A   16108.85366946  .00000201  00000-0  62196-4 0  9990
2 35931  98.3128 202.5737 0003536  71.2900 288.8678 14.50833285347781
WORLDVIEW-2 (WV-2)      
1 35946U 09055A   16109.77002683  .00000073  00000-0  38884-4 0  9991
2 35946  98.4985 183.5134 0000813 126.6560 233.4702 14.37715389342520
SMOS                    
1 36036U 09059A   16109.11628472  .00000097  00000-0  44784-4 0  9996
2 36036  98.4456 296.8668 0001376  90.3809 269.7536 14.39762033339446
YAOGAN 7                
1 36110U 09069A   16109.78833181  .00000028  00000-0  11972-4 0  9995
2 36110  98.1574 257.6865 0025181  32.5529 327.7227 14.75286286342311
TANDEM-X                
1 36605U 10030A   16109.44847580  .00000695  00000-0  36301-4 0  9998
2 36605  97.4465 117.1670 0001327  96.8148 263.3238 15.19148644323131
CARTOSAT 2B             
1 36795U 10035A   16109.77832876  .00000238  00000-0  39560-4 0  9994
2 36795  97.9799 169.6711 0013573 327.1699  32.8669 14.78668797311461
YAOGAN 10               
1 36834U 10038A   16109.76541845  .00000261  00000-0  40622-4 0  9990
2 36834  97.9102 105.4200 0001076  87.6035 272.5318 14.80692305307678
COSMO-SKYMED 4          
1 37216U 10060A   16109.85434571  .00000148  00000-0  25139-4 0  9997
2 37216  97.8766 294.2006 0001403  75.2832 284.8539 14.82171281294887
HAIYANG 2A              
1 37781U 11043A   16109.76413035 -.00000588  00000-0 -53536-3 0  9999
2 37781  99.3402 121.4802 0001579  64.5930 295.5364 13.78711602235495
RASAT                   
1 37791U 11044D   16109.86003167  .00000116  00000-0  30877-4 0  9992
2 37791  98.1463 200.2881 0022620  19.5087 340.6969 14.64514092249663
MEGHA-TROPIQUES         
1 37838U 11058A   16109.54992367  .00000148  00000-0 -65154-4 0  9995
2 37838  19.9760 188.6465 0009921  84.7437 275.4099 14.09685408233116
SRMSAT                  
1 37841U 11058D   16109.56376657  .00000340  00000-0  42165-4 0  9999
2 37841  19.9708 178.0273 0011996  96.7254  44.4593 14.10535217233259
YAOGAN 13               
1 37941U 11072A   16109.87086568  .00002831  00000-0  14188-3 0  9999
2 37941  97.4673  36.9758 0002923  62.0425  10.6007 15.18174866243296
PLEIADES 1A             
1 38012U 11076F   16109.83640415  .00000106  00000-0  32680-4 0  9997
2 38012  98.2027 184.9369 0001488  97.1535 262.9827 14.58545196231005
ZIYUAN 1-02C (ZY 1-02C) 
1 38038U 11079A   16109.83643180  .00000092  00000-0  46926-4 0  9992
2 38038  98.3932 180.3308 0000858  71.2787 288.8487 14.35419438226629
ZIYUAN 3 (ZY 3)         
1 38046U 12001A   16109.82280288  .00002434  00000-0  11192-3 0  9990
2 38046  97.3320 182.3210 0002607  69.7687  41.3676 15.21281726237433
RISAT 1                 
1 38248U 12017A   16109.76542948  .00001407  00000-0  93015-4 0  9992
2 38248  97.5640 117.2602 0006543  62.6319  49.0514 15.08978595219239
ARIRANG-3 (KOMPSAT-3)   
1 38338U 12025B   16109.86021932  .00000184  00000-0  46676-4 0  9999
2 38338  98.1591  47.6718 0008936 215.1148 144.9470 14.61396895209205
KANOPUS-V 1             
1 38707U 12039A   16109.72480385  .00003770  00000-0  18037-3 0  9993
2 38707  97.4531  26.9764 0001711  87.8880 350.0415 15.19587385207581
SPOT 6                  
1 38755U 12047A   16109.64751531  .00000114  00000-0  34235-4 0  9998
2 38755  98.1891 177.5703 0001045  85.2030 274.9288 14.58549836192054
PLEIADES 1B             
1 39019U 12068A   16109.87055474  .00000116  00000-0  34881-4 0  9992
2 39019  98.2053 184.9829 0001424  88.5491 271.5862 14.58539101179867
GOKTURK 2               
1 39030U 12073A   16109.83909258  .00000131  00000-0  32851-4 0  9997
2 39030  98.0407   3.9159 0015312  31.6883 328.5242 14.65661928178205
LANDSAT 8               
1 39084U 13008A   16109.16232791  .00000127  00000-0  38290-4 0  9990
2 39084  98.1899 179.6731 0001392 100.5558 259.5797 14.57120483169165
SARAL                   
1 39086U 13009A   16109.14978009  .00000023  00000-0  24626-4 0  9993
2 39086  98.5420 297.3628 0001645 114.8403 245.2952 14.32257202164277
GAOFEN 1                
1 39150U 13018A   16109.88237465  .00000252  00000-0  43558-4 0  9999
2 39150  97.9770 193.3120 0018543 348.1800  11.8968 14.76496956160639
VNREDSAT 1              
1 39160U 13021B   16109.38665112  .00000197  00000-0  47572-4 0  9991
2 39160  98.1185 186.8129 0001312 101.4761 258.6609 14.62911823157494
ARIRANG-5 (KOMPSAT-5)   
1 39227U 13042A   16109.82265855 -.00000249  00000-0 -13496-4 0  9995
2 39227  97.6031 295.4715 0001436  83.2600  44.9062 15.04525254145881
YAOGAN 18               
1 39363U 13059A   16109.69927882  .00002566  00000-0  12924-3 0  9990
2 39363  97.4381 180.6274 0001908 100.0674  52.1314 15.18073689136927
SKYSAT-1                
1 39418U 13066C   16109.66930496  .00000231  00000-0  24484-4 0  9993
2 39418  97.7296 191.4589 0020607 271.8210  88.0643 14.98103664131512
DUBAISAT-2              
1 39419U 13066D   16109.88240448  .00000386  00000-0  42277-4 0  9990
2 39419  97.7190 185.2678 0012651 239.5086 120.4895 14.93248457131175
GPM-CORE                
1 39574U 14009C   16109.83438597  .00008815  00000-0  13161-3 0  9993
2 39574  65.0109 282.8814 0010421 277.1829  82.8132 15.55601015121511
SENTINEL-1A             
1 39634U 14016A   16109.87005240 -.00000025  00000-0  43809-5 0  9997
2 39634  98.1823 117.5594 0001381  80.3769 279.7584 14.59197981108810
KAZEOSAT 1              
1 39731U 14024A   16109.76278890  .00000067  00000-0  33822-4 0  9993
2 39731  98.4532 187.7060 0001077  90.0346 270.0967 14.41990217103724
ALOS-2                  
1 39766U 14029A   16109.85413238  .00000340  00000-0  52399-4 0  9997
2 39766  97.9186 207.2797 0001648  88.9610 271.1801 14.79475852102867
KAZEOSAT 2              
1 40010U 14033A   16109.86577092  .00000168  00000-0  27833-4 0  9999
2 40010  97.9292  10.4899 0016107 214.3563 145.6608 14.82066220 99093
HODOYOSHI-4             
1 40011U 14033B   16109.86199782  .00000338  00000-0  50747-4 0  9995
2 40011  97.9245   8.2291 0026131 206.9980 152.9875 14.80655102 98964
DEIMOS-2                
1 40013U 14033D   16109.87537198  .00000570  00000-0  73866-4 0  9990
2 40013  97.9141  11.7476 0000441  28.9230 331.2003 14.84600599 99242
HODOYOSHI-3             
1 40015U 14033F   16109.26586638  .00000337  00000-0  53461-4 0  9998
2 40015  97.9197   4.7332 0036475 209.5560 150.3590 14.78024662 98702
SPOT 7                  
1 40053U 14034A   16109.81821390 -.00000046  00000-0  00000+0 0  9993
2 40053  98.2035 177.4842 0001192  81.6917 278.4428 14.58535519 96016
SKYSAT-2                
1 40072U 14037D   16109.87905038  .00000344  00000-0  51981-4 0  9994
2 40072  98.3278 198.5970 0006254 343.0549  17.0449 14.80807768 96184
WORLDVIEW-3 (WV-3)      
1 40115U 14048A   16109.36321579  .00000323  00000-0  44113-4 0  9996
2 40115  97.9013 187.8510 0001040  79.0744 281.0559 14.85101878 91067
YAOGAN 21               
1 40143U 14053A   16109.88647265  .00003398  00000-0  13959-3 0  9991
2 40143  97.3523 185.6611 0011106 260.1711 230.5897 15.24820750 89744
YAOGAN 22               
1 40275U 14063A   16109.85106703 -.00000044  00000-0  00000+0 0  9997
2 40275 100.3728 225.1640 0005307 323.6869  36.3883 13.15308215 71854
ASNARO                  
1 40298U 14070A   16109.69096616  .00004418  00000-0  21059-3 0  9992
2 40298  97.4349 192.7134 0001700 107.0009  46.9808 15.19619095 80394
HODOYOSHI-1             
1 40299U 14070B   16109.86944569  .00002630  00000-0  12101-3 0  9993
2 40299  97.4306 192.5290 0014817 134.0559 335.3566 15.21124413 80419
CHUBUSAT-1              
1 40300U 14070C   16109.70062334  .00003002  00000-0  14333-3 0  9993
2 40300  97.4267 190.7600 0022462 142.5441   9.0304 15.19609542 80291
QSAT-EOS                
1 40301U 14070D   16109.69970870  .00005823  00000-0  26506-3 0  9993
2 40301  97.4212 190.0308 0030671 143.5855   7.8541 15.20658147 80264
TSUBAME                 
1 40302U 14070E   16109.80308675  .00003384  00000-0  18067-3 0  9998
2 40302  97.4171 186.6730 0041886 154.5270 302.7886 15.15047215 80061
YAOGAN 23               
1 40305U 14071A   16109.90618132  .00002799  00000-0  14082-3 0  9997
2 40305  97.3886  50.8302 0002648  98.8285 334.5211 15.18023829 79063
YAOGAN 24               
1 40310U 14072A   16109.73190655  .00000324  00000-0  53189-4 0  9994
2 40310  97.9585 228.5135 0017129   2.9110 357.2199 14.76956741 76067
CBERS-4                 
1 40336U 14079A   16109.84849302  .00000032  00000-0  26216-4 0  9998
2 40336  98.4932 185.9663 0000831  98.9541 261.1733 14.35444416 71534
RESURS P2               
1 40360U 14087A   16109.91084762  .00001837  00000-0  62109-4 0  9998
2 40360  97.2799 204.7275 0007907  90.7996  12.1680 15.31871818 73425
YAOGAN 26               
1 40362U 14088A   16109.66841397  .00004490  00000-0  17576-3 0  9993
2 40362  97.3892 187.9921 0001274  26.2170 131.9021 15.26322639 72997
SMAP                    
1 40376U 15003A   16109.70554503  .00000130  00000-0  34297-4 0  9998
2 40376  98.1247 117.6439 0001572  82.8125 277.3250 14.63385320 64815
KOMPSAT 3A              
1 40536U 15014A   16109.84031699  .00002132  00000-0  12675-3 0  9998
2 40536  97.5511  50.0159 0012332  23.0994  52.2234 15.12305062 58923
SENTINEL-2A             
1 40697U 15028A   16109.63409838  .00000031  00000-0  28526-4 0  9991
2 40697  98.5700 184.6929 0001194  96.3140 263.8174 14.30812749 42987
CARBONITE 1 (CBNT-1)    
1 40718U 15032D   16109.74113430  .00000276  00000-0  49258-4 0  9998
2 40718  98.0185   1.4290 0018259  62.0898 298.2166 14.74403118 41706
YAOGAN 27               
1 40878U 15040A   16109.61411076 -.00000045  00000-0  00000+0 0  9999
2 40878 100.4547 170.5683 0009252 100.3935 259.8221 13.15947207 30976
LAPAN-A2                
1 40931U 15052B   16109.70252146  .00000861  00000-0  31089-4 0  9994
2 40931   5.9985  19.1989 0014141 357.5785   2.4286 14.76449817 30122
YAOGAN 28               
1 41026U 15064A   16109.43674789  .00004853  00000-0  16995-3 0  9997
2 41026  97.2617 239.1417 0009466  41.7938 358.9110 15.29911473 24804
YAOGAN 29               
1 41038U 15069A   16109.77905080  .00000081  00000-0  17298-4 0  9990
2 41038  97.8569  93.8542 0001701  97.9160 262.2231 14.80294945 21292
JASON-3                 
1 41240U 16002A   16109.82387811  .00000169  00000-0  10000-2 0  9994
2 41240  66.0426 283.5485 0007569 263.8939  96.1281 12.80931941 11792
SENTINEL-3A             
1 41335U 16011A   16109.73300888 -.00000044  00000-0  00000+0 0  9997
2 41335  98.6217 177.2187 0001283 111.1505 248.9831 14.26739737  8835
