AKEBONO (EXOS-D)        
1 19822U 89016A   16109.17569262  .00043745 -44712-7  94828-3 0  9994
2 19822  75.0426  51.6667 1993993  85.7420 296.7447 11.49742520859981
HST                     
1 20580U 90037B   16108.91809028  .00001258  00000-0  67842-4 0  9994
2 20580  28.4703 296.7039 0002629 281.7510 304.0807 15.08306186225919
POLAR                   
1 23802U 96013A   16104.97881167  .00000000  00000-0  10000-3 0  9997
2 23802  78.2048 281.1872 7485674 341.2102   1.6380  1.29838632 96598
SWAS                    
1 25560U 98071A   16109.47814586  .00000778  00000-0  83262-4 0  9990
2 25560  69.8990 248.4192 0005531 118.8968 241.2743 14.93017790942140
ORSTED                  
1 25635U 99008B   16109.47057231  .00000156  00000-0  44569-4 0  9997
2 25635  96.4471 108.2609 0139709 161.2423 199.3997 14.47874942904772
CXO                     
1 25867U 99040B   16112.25945390  .00000166  00000-0  00000+0 0  9990
2 25867  76.0512 299.1950 7137799 262.4329 359.7534  0.37804948 14450
XMM-NEWTON              
1 25989U 99066A   16108.78615764  .00000113  00000-0  00000+0 0  9997
2 25989  67.4144  26.1973 8199138  94.8268 359.8610  0.50172036 18752
TERRA                   
1 25994U 99068A   16109.68988872 -.00001054  00000-0 -22410-3 0  9998
2 25994  98.2129 184.8152 0001249  60.5445 299.5897 14.57082549868850
CLUSTER II-FM6 (SALSA)  
1 26410U 00041A   16110.43409162  .00000683  00000-0  00000+0 0  9992
2 26410 131.4910 328.6675 5139951 141.8334   0.6802  0.44196765 15620
CLUSTER II-FM7 (SAMBA)  
1 26411U 00041B   16106.00830193  .00000358  00000-0  00000+0 0  9992
2 26411 130.5427 330.3202 5656836 148.3822   0.5589  0.44192908 15682
CLUSTER II-FM5 (RUMBA)  
1 26463U 00045A   16108.11604052  .00000582  00000-0  00000-0 0  9990
2 26463 134.0050 328.0863 5347049 146.0252   0.5158  0.44191891  3861
CLUSTER II-FM8 (TANGO)  
1 26464U 00045B   16110.43390372  .00000683  00000-0  00000-0 0  9998
2 26464 131.4911 328.6674 5139951 141.8329   0.6504  0.44196869  3871
ODIN                    
1 26702U 01007A   16109.83577988  .00002295  00000-0  15943-3 0  9990
2 26702  97.6290 125.2413 0012936  64.3349 295.9213 15.06477366827744
TIMED                   
1 26998U 01055B   16109.38346312  .00000404  00000-0  48387-4 0  9994
2 26998  74.0710  80.3010 0002381 246.1082 113.9849 14.87689510778303
RHESSI                  
1 27370U 02004A   16109.14278419  .00004532  00000-0  17852-3 0  9998
2 27370  38.0359 114.5870 0012551 208.2384 151.7705 15.25708452781265
INTEGRAL                
1 27540U 02048A   16112.07867234  .00000802  00000-0  00000+0 0  9999
2 27540  51.8278 207.9184 8074408 259.3287   0.2300  0.37596353 12716
CORIOLIS                
1 27640U 03001A   16108.95319547  .00000035  00000-0  37776-4 0  9994
2 27640  98.7495 118.8232 0015273  89.3330 327.2789 14.18897150687667
SORCE                   
1 27651U 03004A   16109.20403249  .00000582  00000-0  76036-4 0  9990
2 27651  39.9947 169.4337 0022129 131.1548 229.1154 14.88311150717445
MOST                    
1 27843U 03031D   16109.74099764  .00000017  00000-0  28022-4 0  9990
2 27843  98.7159 117.9110 0010462 151.6986 208.4761 14.20520677663696
SCISAT 1                
1 27858U 03036A   16109.17126789  .00000266  00000-0  42760-4 0  9997
2 27858  73.9324 306.7552 0007443 153.9750 206.1800 14.77018943683026
SWIFT                   
1 28485U 04047A   16109.53304367  .00002000  00000-0  11229-3 0  9990
2 28485  20.5559 222.0184 0011260 277.1641  82.7512 15.03047443624213
FORMOSAT-3 FM6          
1 29047U 06011A   16108.92636992  .00000205  00000-0  96983-4 0  9998
2 29047  71.9804 334.8422 0050521 167.1842 193.0592 14.28499202524024
FORMOSAT-3 FM1          
1 29048U 06011B   16109.82657997  .00000053  00000-0  37371-4 0  9994
2 29048  71.9677 245.6104 0043075 119.8399  30.4850 14.28438924526652
FORMOSAT-3 FM5          
1 29049U 06011C   16109.23402447  .00000138  00000-0  71138-4 0  9991
2 29049  72.0212  49.8746 0034779 163.3287 196.9002 14.28460075522348
FORMOSAT-3 FM3          
1 29050U 06011D   16108.95225602  .00000364  00000-0  87833-4 0  9997
2 29050  72.0177 351.2463 0051411 210.6655 149.1491 14.58267186534473
FORMOSAT-3 FM4          
1 29051U 06011E   16108.98176503  .00000171  00000-0  82631-4 0  9993
2 29051  72.0057 315.2092 0067489  34.5001 326.0487 14.28478626524895
FORMOSAT-3 FM2          
1 29052U 06011F   16109.29243219  .00000193  00000-0  92379-4 0  9992
2 29052  72.0366  24.2803 0039175 125.4321 235.0483 14.28577078523257
CLOUDSAT                
1 29107U 06016A   16109.50553968  .00000180  00000-0  50108-4 0  9997
2 29107  98.2119  53.6614 0000709  67.7454 292.3819 14.57102268530586
CALIPSO                 
1 29108U 06016B   16109.84781838  .00000321  00000-0  81240-4 0  9992
2 29108  98.2068  53.5503 0001397  79.6337 280.5018 14.57098876530569
HINODE (SOLAR-B)        
1 29479U 06041A   16109.89222970  .00000268  00000-0  59372-4 0  9994
2 29479  98.1579 111.7219 0018551 110.9176 249.4014 14.64675826511289
SJ-6C                   
1 29505U 06046A   16109.79036912 -.00000134  00000-0 -72166-5 0  9998
2 29505  97.8064 107.8202 0004484  68.3926 291.7762 14.94130232516499
SJ-6D                   
1 29506U 06046B   16109.86173756  .00000225  00000-0  27047-4 0  9991
2 29506  97.8228 106.9249 0003441 113.3001 246.8596 14.93095762516235
AGILE                   
1 31135U 07013A   16108.52567321  .00004912  00000-0  13518-3 0  9998
2 31135   2.4667 179.1511 0013884 224.6496 135.2438 15.27856936498450
AIM                     
1 31304U 07015A   16108.95121013  .00003064  00000-0  18880-3 0  9993
2 31304  97.9610 263.1872 0006533 135.0965 225.0793 15.10769165490709
FGRST (GLAST)           
1 33053U 08029A   16109.88947593  .00001144  00000-0  50142-4 0  9999
2 33053  25.5835  10.5227 0012819  56.7963 303.3800 15.10552028433082
IBEX                    
1 33401U 08051A   16117.03465468 -.00001898  00000-0  00000+0 0  9993
2 33401  39.0807  27.8761 6339195 156.6452 359.4278  0.12124314  3173
WISE                    
1 36119U 09071A   16109.13357802  .00002795  00000-0  10850-3 0  9993
2 36119  97.4853 130.1583 0003659  45.2381 314.9155 15.26939385351384
SDO                     
1 36395U 10005A   16109.36911859 -.00000052  00000-0  00000+0 0  9998
2 36395  28.3473 148.1084 0001788 189.5506 260.1448  1.00274468 22819
CRYOSAT 2               
1 36508U 10013A   16109.55192536  .00000122  00000-0  29316-4 0  9990
2 36508  92.0237  99.7145 0007646   5.4750 354.6539 14.52176558319536
PICARD                  
1 36598U 10028A   16109.84386857  .00000110  00000-0  39429-4 0  9991
2 36598  98.3116 294.9488 0000906 153.8338 206.2910 14.50438725309248
SPEKTR-R                
1 37755U 11037A   16109.03002231 -.00000582  00000-0  00000-0 0  9993
2 37755  39.0211  25.7709 9444790 275.3296   6.5401  0.11687142  2015
GCOM-W1 (SHIZUKU)       
1 38337U 12025A   16109.45327262  .00000187  00000-0  51569-4 0  9998
2 38337  98.2029  49.8035 0001397  78.8163  32.3533 14.57106220208511
NUSTAR                  
1 38358U 12031A   16108.99275149  .00001699  00000-0  10745-3 0  9991
2 38358   6.0255 154.2944 0012412 291.4700  68.4105 14.87331430209020
RBSP A                  
1 38752U 12046A   16109.38577193  .00000012  00000-0  49129-3 0  9999
2 38752  10.1839  27.9594 6807947 113.7293 328.5681  2.68107881 35497
RBSP B                  
1 38753U 12046B   16109.22377570  .00000026  00000-0  63090-3 0  9998
2 38753  10.1745  34.3580 6823846 101.3223 336.4903  2.65113612 35292
NEOSSAT                 
1 39089U 13009D   16109.55713298  .00000049  00000-0  33012-4 0  9995
2 39089  98.5861 310.5806 0012137 113.8531 246.3927 14.34333232164526
BRITE-AUSTRIA           
1 39091U 13009F   16109.54223348  .00000072  00000-0  40864-4 0  9998
2 39091  98.5843 311.6509 0011479 123.4049 236.8236 14.34967891164598
UNIBRITE                
1 39092U 13009G   16109.78312981  .00000094  00000-0  48699-4 0  9995
2 39092  98.5846 311.6388 0010439 116.0451 244.1810 14.34840395164619
IRIS                    
1 39197U 13033A   16109.49607991  .00000371  00000-0  58035-4 0  9997
2 39197  97.9150 291.9555 0029334 108.3869 252.0536 14.78180452151363
HISAKI (SPRINT-A)       
1 39253U 13049A   16109.85311421  .00000141  00000-0  10108-3 0  9990
2 39253  29.7215   0.4625 0137336 181.2871 178.7357 13.55154748128639
CASSIOPE                
1 39265U 13055A   16109.43560694  .00010615  00000-0  31690-3 0  9998
2 39265  80.9685  93.2376 0706250  38.8563 326.1253 14.18638684131181
DANDE                   
1 39267U 13055C   16109.19556820  .00007783  00000-0  23491-3 0  9991
2 39267  81.0118  99.1013 0727895  49.2897 316.9207 14.13789212130907
STSAT-3                 
1 39422U 13066G   16109.66333835  .00000199  00000-0  26802-4 0  9991
2 39422  97.7065 178.3503 0022508 195.9866 164.0641 14.89162394130748
BRITE-PL                
1 39431U 13066R   16109.81977417  .00000272  00000-0  68661-4 0  9999
2 39431  97.6796 120.1951 0202708 350.2909   9.4392 14.46701478127090
SWARM B                 
1 39451U 13067A   16109.14629754  .00001161  00000-0  51597-4 0  9994
2 39451  87.7571  14.9644 0002110 107.5799 252.5677 15.20503216133252
SWARM A                 
1 39452U 13067B   16109.13487516  .00002844  00000-0  69027-4 0  9998
2 39452  87.3475 325.1681 0002648 107.3705 252.7840 15.40551051134663
SWARM C                 
1 39453U 13067C   16109.13483046  .00002938  00000-0  71341-4 0  9999
2 39453  87.3479 326.5782 0002650 107.8694 252.2851 15.40552056134629
BRITE-TORONTO           
1 40020U 14033L   16109.65776688  .00000189  00000-0  41346-4 0  9997
2 40020  97.8963 351.9751 0086601 235.9113 123.3851 14.66238820 97870
OCO 2                   
1 40059U 14035A   16109.42982375  .00000152  00000-0  43848-4 0  9997
2 40059  98.1999  51.0155 0001084 108.9330 251.1986 14.57080874 95548
BRITE-PL 2              
1 40119U 14049B   16109.70333969  .00000423  00000-0  57427-4 0  9998
2 40119  97.9613 191.2160 0018433  37.7712 322.4792 14.83887863 90204
RESURS P2               
1 40360U 14087A   16109.91084762  .00001837  00000-0  62109-4 0  9998
2 40360  97.2799 204.7275 0007907  90.7996  12.1680 15.31871818 73425
MMS 1                   
1 40482U 15011A   16108.73972755 -.00000433  00000-0  00000+0 0  9997
2 40482  28.6663 346.3766 8156631  92.6322 225.3375  1.00489361  4036
MMS 2                   
1 40483U 15011B   16109.08611391 -.00000443  00000-0  00000+0 0  9994
2 40483  28.6690 346.2869 8160699  92.7401 350.6655  1.00489295  4048
MMS 3                   
1 40484U 15011C   16109.81326300 -.00000462  00000-0  00000+0 0  9990
2 40484  28.6621 346.2430 8157885  92.8025 253.7626  1.00489837  4046
MMS 4                   
1 40485U 15011D   16108.09120658 -.00000411  00000-0  00000+0 0  9992
2 40485  28.6777 346.3985 8158432  92.5549 350.7230  1.00487203  4024
ASTROSAT                
1 40930U 15052A   16109.73125155  .00001009  00000-0  53343-4 0  9997
2 40930   5.9959  19.4442 0009237   1.1376 358.8858 14.75966215 30136
DAMPE                   
1 41173U 15078A   16109.90025616  .00000433  00000-0  21099-4 0  9998
2 41173  97.2974 123.8640 0013030 204.7456 273.3628 15.23334213 18866
ASTRO-H (HITOMI)        
1 41337U 16012A   16109.58444670  .00000758  00000-0  55634-4 0  9990
2 41337  31.0073 288.8651 0012741 169.0017 191.0901 14.98019828  9191
