ISS (ZARYA)             
1 25544U 98067A   16025.91218959  .00007398  00000-0  11656-3 0  9997
2 25544  51.6428  52.5348 0006687  59.3653   4.1269 15.54672921982691
TIANGONG 1              
1 37820U 11053A   16025.77421296  .00013679  00000-0  17888-3 0  9993
2 37820  42.7643  22.3169 0008753 149.6249 206.8226 15.58444211248161
SPINSAT                 
1 40314U 98067FL  16025.86858457  .00021503  00000-0  17934-3 0  9995
2 40314  51.6386  33.5446 0003278 227.7537 132.3183 15.70012756117533
FLOCK 1E-2              
1 40722U 98067GE  16025.44990343  .00176058  00000-0  85082-3 0  9998
2 40722  51.6347  40.1693 0002866  53.0444  94.2029 15.81499417 30624
FLOCK 1E-1              
1 40723U 98067GF  16025.27868221  .00040760  00000-0  31911-3 0  9991
2 40723  51.6373  45.1875 0003359 324.0673 127.1260 15.71168289 30491
FLOCK 1E-4              
1 40724U 98067GG  16025.55775644  .00045703  00000-0  37246-3 0  9998
2 40724  51.6396  44.0929 0000340 192.4467 245.5454 15.70157269 30530
FLOCK 1E-3              
1 40725U 98067GH  16025.85814648  .00047774  00000-0  34571-3 0  9998
2 40725  51.6374  40.1066 0000958  95.7347 325.9597 15.72967527 30587
FLOCK 1E-7              
1 40726U 98067GJ  16025.64852032  .00036091  00000-0  30958-3 0  9990
2 40726  51.6397  43.9088 0004240 330.5988 127.0333 15.69018433 30394
FLOCK 1E-8              
1 40727U 98067GK  16025.63960800  .00042424  00000-0  33093-3 0  9993
2 40727  51.6395  43.0985 0004216 332.1857 125.4191 15.71233715 30395
FLOCK 1E-5              
1 40728U 98067GL  16025.50512324  .00041432  00000-0  34478-3 0  9990
2 40728  51.6395  44.3184 0003203 297.4004 222.6740 15.69693272 30376
FLOCK 1E-6              
1 40729U 98067GM  16025.64805852  .00046787  00000-0  37691-3 0  9995
2 40729  51.6370  43.1376 0002873 293.3288 164.9522 15.70422337 30416
FLOCK 1E-9              
1 40736U 98067GN  16025.32439119  .00478465  10184-3  12895-2 0  9994
2 40736  51.6441  41.7242 0005493  63.4782  34.8076 15.93751471 30378
FLOCK 1E-10             
1 40737U 98067GP  16025.59345175  .00039209  00000-0  33255-3 0  9998
2 40737  51.6396  44.3246 0003279 347.4604  97.8919 15.69256903 30377
FLOCK 1E-11             
1 40738U 98067GQ  16025.55690450  .00122570  00000-0  94217-3 0  9993
2 40738  51.6384  42.4325 0000019 237.7940 266.4724 15.71141662 30214
FLOCK 1E-12             
1 40739U 98067GR  16025.67241454  .00037598  00000-0  32039-3 0  9992
2 40739  51.6413  43.9624 0003529 297.3999 216.9492 15.69162347 30213
FLOCK 1E-13             
1 40740U 98067GS  16025.68282676  .00108364  00000-0  87023-3 0  9999
2 40740  51.6388  43.3783 0003326 335.7509 131.8287 15.70145979 30205
FLOCK 1E-14             
1 40741U 98067GT  16025.68347975  .00040369  00000-0  33379-3 0  9999
2 40741  51.6414  43.2754 0004174 326.7534 192.9975 15.69856384 30190
SOYUZ-TMA 18M           
1 40885U 15043A   16024.57383365  .00009365  00000-0  14568-3 0  9991
2 40885  51.6436  59.2123 0006644  53.8685  74.1781 15.54658395 22473
SERPENS                 
1 40897U 98067GX  16025.41043577  .00096169  00000-0  66982-3 0  9998
2 40897  51.6344  47.0303 0007712  44.7076 315.4544 15.73539770 20202
S-CUBE                  
1 40898U 98067GY  16024.54515413  .00028114  00000-0  30864-3 0  9990
2 40898  51.6394  55.5344 0008049  37.6633 322.4923 15.62950266 20014
PROGRESS-M 29M          
1 40944U 15055A   16024.57383365  .00009365  00000-0  14568-3 0  9990
2 40944  51.6436  59.2123 0006644  53.8685  74.1781 15.54658395 17877
CYGNUS ORB-4            
1 41101U 15072A   16024.57383365  .00009365  00000-0  14568-3 0  9995
2 41101  51.6436  59.2123 0006644  53.8685  74.1781 15.54658395  7580
SOYUZ-TMA 19M           
1 41124U 15076A   16024.57383365  .00009365  00000-0  14568-3 0  9994
2 41124  51.6436  59.2123 0006644  53.8685  74.1781 15.54658395  6225
PROGRESS-MS 01          
1 41177U 15080A   16024.57383365  .00009365  00000-0  14568-3 0  9997
2 41177  51.6436  59.2123 0006644  53.8685  74.1781 15.54658395  5334
