ISS (ZARYA)             
1 25544U 98067A   16109.88838663  .00007261  00000-0  11618-3 0  9993
2 25544  51.6423 353.8116 0001456  44.6418  60.8812 15.54278564995750
TIANGONG 1              
1 37820U 11053A   16109.74584005  .00020885  00000-0  24216-3 0  9991
2 37820  42.7620 242.4543 0013279 347.3482 150.3426 15.61276945261286
SPINSAT                 
1 40314U 98067FL  16107.02525648  .00028053  00000-0  18902-3 0  9990
2 40314  51.6366 337.7500 0005244 172.3556 187.7524 15.74886036130309
FLOCK 1E-1              
1 40723U 98067GF  16109.69435731  .00207919  27291-4  61715-3 0  9997
2 40723  51.6276 328.2357 0004303 195.9711 273.9062 15.92085327 43837
FLOCK 1E-4              
1 40724U 98067GG  16109.78878978  .00125650  00000-0  51345-3 0  9996
2 40724  51.6339 329.7194 0004131 206.7224 249.6071 15.85206214 43823
FLOCK 1E-3              
1 40725U 98067GH  16109.72222443  .00135752  00000-0  44298-3 0  9994
2 40725  51.6296 325.3986 0004518 185.2691 290.7831 15.89734686 43841
FLOCK 1E-7              
1 40726U 98067GJ  16108.87426666  .00127255  00000-0  64705-3 0  9997
2 40726  51.6289 336.4364 0003181 213.8153 234.8624 15.80550309 43504
FLOCK 1E-8              
1 40727U 98067GK  16109.70158404  .00124492  00000-0  50479-3 0  9996
2 40727  51.6374 329.1173 0005531 210.7288 260.3532 15.85361825 43660
FLOCK 1E-5              
1 40728U 98067GL  16109.61559873  .00134361  00000-0  64239-3 0  9997
2 40728  51.6426 331.7118 0008266 196.2419 192.5793 15.81820629 43639
FLOCK 1E-6              
1 40729U 98067GM  16109.72170316  .00104502  00000-0  47645-3 0  9997
2 40729  51.6361 329.9892 0006583 193.6855 278.2729 15.82960261 43674
FLOCK 1E-10             
1 40737U 98067GP  16109.70290810  .00085198  00000-0  44527-3 0  9991
2 40737  51.6343 332.1487 0003616 181.4774 288.4847 15.80113611 43624
FLOCK 1E-11             
1 40738U 98067GQ  16109.74324377  .00080978  00000-0  38659-3 0  9992
2 40738  51.6294 328.5890 0005326 186.2827 291.7348 15.82087020 43493
FLOCK 1E-12             
1 40739U 98067GR  16109.70450341  .00097304  00000-0  49710-3 0  9991
2 40739  51.6348 332.1555 0005022 187.5944 283.1410 15.80549940 43453
FLOCK 1E-13             
1 40740U 98067GS  16109.02676368  .00124254  00000-0  62879-3 0  9993
2 40740  51.6317 335.0738 0003598 242.4180 259.6964 15.80663202 43332
FLOCK 1E-14             
1 40741U 98067GT  16109.73572815  .00086964  00000-0  42935-3 0  9990
2 40741  51.6382 330.8694 0004793 202.4699 273.4944 15.81338536 43442
S-CUBE                  
1 40898U 98067GY  16109.51661481  .00044756  00000-0  36161-3 0  9994
2 40898  51.6367 343.9992 0003306  13.2565 346.8519 15.70370538 33339
SOYUZ-TMA 19M           
1 41124U 15076A   16108.53183905 -.00002349  00000-0 -28166-4 0  9998
2 41124  51.6418   0.5800 0001233 121.4705 308.6074 15.54229322 19284
PROGRESS-MS 01          
1 41177U 15080A   16108.53183905 -.00002349  00000-0 -28166-4 0  9991
2 41177  51.6418   0.5800 0001233 121.4705 308.6074 15.54229322 18393
AGGIESAT 4              
1 41313U 98067HP  16109.90599468  .00020255  00000-0  27422-3 0  9993
2 41313  51.6458 352.6400 0004189  11.0270 349.0814 15.57676356 12481
BEVO 2                  
1 41314U 98067HQ  16109.74050113  .00029693  00000-0  37775-3 0  9992
2 41314  51.6412 353.0044 0002308  25.7540 334.3552 15.59102935 12265
SOYUZ-TMA 20M           
1 41391U 16018A   16108.53183905 -.00002349  00000-0 -28166-4 0  9991
2 41391  51.6418   0.5800 0001233 121.4705 308.6074 15.54229322  4622
CYGNUS OA-6             
1 41393U 16019A   16108.53183905 -.00002349  00000-0 -28166-4 0  9994
2 41393  51.6418   0.5800 0001233 121.4705 308.6074 15.54229322  3960
PROGRESS-MS 02          
1 41436U 16022A   16108.53183905 -.00002349  00000-0 -28166-4 0  9996
2 41436  51.6418   0.5800 0001233 121.4705 308.6074 15.54229322  2642
DRAGON CRS-8            
1 41452U 16024A   16108.53183905 -.00002349  00000-0 -28166-4 0  9996
2 41452  51.6418   0.5800 0001233 121.4705 308.6074 15.54229322  1357
