METEOSAT-7              
1 24932U 97049B   16109.37923963  .00000038  00000-0  00000+0 0  9998
2 24932  10.1215  41.2303 0001386 292.2537  67.6739  1.00271012 68201
NOAA 15                 
1 25338U 98030A   16109.92113124  .00000084  00000-0  54285-4 0  9991
2 25338  98.7834 113.9515 0010623   4.7785 355.3494 14.25718128932545
METEOSAT-8 (MSG-1)      
1 27509U 02040B   16109.79635855  .00000004  00000-0  00000+0 0  9997
2 27509   4.0987  59.9550 0000486 271.1349 166.4810  1.00274250 50036
KALPANA-1 (METSAT 1)    
1 27525U 02043A   16108.38361888 -.00000101  00000-0  00000-0 0  9994
2 27525   5.6286  58.1428 0013137 227.2377 132.6460  1.00271162 49839
INSAT-3A                
1 27714U 03013A   16109.79873692 -.00000277  00000-0  00000+0 0  9992
2 27714   0.0622  93.0417 0006431 326.1142 169.2281  1.00272701 47730
NOAA 18                 
1 28654U 05018A   16109.90593150  .00000035  00000-0  44378-4 0  9996
2 28654  99.1981 115.2944 0014368 177.0424 183.0834 14.12279611562360
METEOSAT-9 (MSG-2)      
1 28912U 05049B   16109.86361534  .00000046  00000-0  00000+0 0  9992
2 28912   1.3880  67.2527 0001924 275.5221 184.8522  1.00276528 37868
MTSAT-2                 
1 28937U 06004A   16109.81460368 -.00000262  00000-0  00000+0 0  9992
2 28937   0.0528  85.8410 0003773 306.6737 253.1093  1.00271985 37134
FORMOSAT-3 FM6          
1 29047U 06011A   16108.92636992  .00000205  00000-0  96983-4 0  9998
2 29047  71.9804 334.8422 0050521 167.1842 193.0592 14.28499202524024
FORMOSAT-3 FM1          
1 29048U 06011B   16109.82657997  .00000053  00000-0  37371-4 0  9994
2 29048  71.9677 245.6104 0043075 119.8399  30.4850 14.28438924526652
FORMOSAT-3 FM5          
1 29049U 06011C   16109.23402447  .00000138  00000-0  71138-4 0  9991
2 29049  72.0212  49.8746 0034779 163.3287 196.9002 14.28460075522348
FORMOSAT-3 FM3          
1 29050U 06011D   16108.95225602  .00000364  00000-0  87833-4 0  9997
2 29050  72.0177 351.2463 0051411 210.6655 149.1491 14.58267186534473
FORMOSAT-3 FM4          
1 29051U 06011E   16108.98176503  .00000171  00000-0  82631-4 0  9993
2 29051  72.0057 315.2092 0067489  34.5001 326.0487 14.28478626524895
FORMOSAT-3 FM2          
1 29052U 06011F   16109.29243219  .00000193  00000-0  92379-4 0  9992
2 29052  72.0366  24.2803 0039175 125.4321 235.0483 14.28577078523257
GOES 13                 
1 29155U 06018A   16108.63481309 -.00000273  00000-0  00000+0 0  9999
2 29155   0.3200 269.4147 0006623 145.4151 305.2240  1.00268745 36299
METOP-A                 
1 29499U 06044A   16109.15183133  .00000033  00000-0  35308-4 0  9998
2 29499  98.7016 168.9891 0000792  27.0320  53.4736 14.21485694492759
FENGYUN 2D              
1 29640U 06053A   16109.10822549 -.00000377  00000-0  10000-3 0  9995
2 29640   3.6683  66.5620 0001506 176.8267 125.6022  1.00282633 34339
FENGYUN 3A              
1 32958U 08026A   16109.85161059  .00000032  00000-0  34773-4 0  9998
2 32958  98.4591 152.5547 0010869  73.5502 286.6857 14.19613848409134
FENGYUN 2E              
1 33463U 08066A   16109.01185115 -.00000219  00000-0  00000+0 0  9990
2 33463   1.4002  61.4103 0003156 203.5325  32.0768  1.00281403 26865
NOAA 19                 
1 33591U 09005A   16109.85106605  .00000112  00000-0  86093-4 0  9997
2 33591  99.0342  66.1569 0014598  29.9139 330.2863 14.12063152370766
GOES 14                 
1 35491U 09033A   16108.71781587 -.00000113  00000-0  00000+0 0  9992
2 35491   0.1315 102.9034 0002794 117.0896 139.9786  1.00271862 24935
METEOR-M 1              
1 35865U 09049A   16109.56013152  .00000043  00000-0  38354-4 0  9993
2 35865  98.4620 143.2879 0001502 332.6614  27.4485 14.22062323341749
GOES 15                 
1 36411U 10008A   16108.80294310  .00000068  00000-0  00000+0 0  9990
2 36411   0.0702 108.6776 0001804 289.3364 321.9910  1.00271865 22468
COMS 1                  
1 36744U 10032A   16108.95010647 -.00000366  00000-0  00000-0 0  9994
2 36744   0.0175  44.4931 0001378 355.5608 276.6646  1.00272081 13850
FENGYUN 3B              
1 37214U 10059A   16109.88266379  .00000045  00000-0  45687-4 0  9991
2 37214  98.8378  64.9134 0016059 268.7108  91.2221 14.15809080282502
ELEKTRO-L 1 (GOMS 2)    
1 37344U 11001A   16109.79353956 -.00000114  00000-0  00000+0 0  9994
2 37344   1.5914  79.5556 0003559 187.0726 302.3067  1.00268683 19255
SUOMI NPP               
1 37849U 11061A   16108.85309046  .00000018  00000-0  29127-4 0  9995
2 37849  98.7173  47.9440 0000617  51.3911  12.4559 14.19545117231741
FENGYUN 2F              
1 38049U 12002A   16109.46168817 -.00000376  00000-0  00000+0 0  9993
2 38049   0.8648  74.2869 0002122 142.4531 268.6727  1.00268661 15672
METEOSAT-10 (MSG-3)     
1 38552U 12035B   16108.42890483 -.00000030  00000-0  00000+0 0  9991
2 38552   0.6695  86.6814 0001457 184.1134  89.1803  1.00270515 13995
METOP-B                 
1 38771U 12049A   16109.89718008  .00000032  00000-0  34491-4 0  9990
2 38771  98.6949 169.7954 0001481  56.6604  49.3138 14.21490238185999
FENGYUN 3C              
1 39260U 13052A   16109.89848812  .00000000  00000-0  20667-4 0  9991
2 39260  98.6943 182.2279 0001566  99.1623 260.9722 14.19611541133187
METEOR-M 2              
1 40069U 14037A   16109.74715847 -.00000007  00000-0  17236-4 0  9995
2 40069  98.7129 165.8494 0005857  10.9938 349.1365 14.20628923 92299
HIMAWARI 8              
1 40267U 14060A   16108.03817111 -.00000300  00000-0  00000-0 0  9992
2 40267   0.0186 273.2859 0001008 133.5169 313.1963  1.00273483  5536
FENGYUN 2G              
1 40367U 14090A   16109.01509539 -.00000350  00000-0  00000+0 0  9991
2 40367   1.3146 272.9951 0003402 264.5605 138.6778  1.00261431  4821
METEOSAT-11 (MSG-4)     
1 40732U 15034A   16109.15235900 -.00000051  00000-0  00000+0 0  9997
2 40732   2.6299 258.5086 0002114  96.4442 263.2358  1.00277619  2821
ELEKTRO-L 2             
1 41105U 15074A   16108.56718918 -.00000138  00000-0  00000+0 0  9991
2 41105   0.2120 278.2226 0001699 166.5497  43.3676  1.00271803  1293
